# EDA Report for Final_data.csv
_Generated: 2025-11-14T18:34:59.459378_


================================================================================
1. Basic DataFrame Info
================================================================================

## 1. Basic DataFrame Info

Shape: (20000, 54) (rows, columns)

Dtypes and non-null counts:
<class 'pandas.core.frame.DataFrame'>
RangeIndex: 20000 entries, 0 to 19999
Data columns (total 54 columns):
 #   Column                          Non-Null Count  Dtype  
---  ------                          --------------  -----  
 0   Age                             20000 non-null  float64
 1   Gender                          20000 non-null  object 
 2   Weight (kg)                     20000 non-null  float64
 3   Height (m)                      20000 non-null  float64
 4   Max_BPM                         20000 non-null  float64
 5   Avg_BPM                         20000 non-null  float64
 6   Resting_BPM                     20000 non-null  float64
 7   Session_Duration (hours)        20000 non-null  float64
 8   Calories_Burned                 20000 non-null  float64
 9   Workout_Type                    20000 non-null  object 
 10  Fat_Percentage                  20000 non-null  float64
 11  Water_Intake (liters)           20000 non-null  float64
 12  Workout_Frequency (days/week)   20000 non-null  float64
 13  Experience_Level                20000 non-null  float64
 14  BMI                             20000 non-null  float64
 15  Daily meals frequency           20000 non-null  float64
 16  Physical exercise               20000 non-null  float64
 17  Carbs                           20000 non-null  float64
 18  Proteins                        20000 non-null  float64
 19  Fats                            20000 non-null  float64
 20  Calories                        20000 non-null  float64
 21  meal_name                       20000 non-null  object 
 22  meal_type                       20000 non-null  object 
 23  diet_type                       20000 non-null  object 
 24  sugar_g                         20000 non-null  float64
 25  sodium_mg                       20000 non-null  float64
 26  cholesterol_mg                  20000 non-null  float64
 27  serving_size_g                  20000 non-null  float64
 28  cooking_method                  20000 non-null  object 
 29  prep_time_min                   20000 non-null  float64
 30  cook_time_min                   20000 non-null  float64
 31  rating                          20000 non-null  float64
 32  Name of Exercise                20000 non-null  object 
 33  Sets                            20000 non-null  float64
 34  Reps                            20000 non-null  float64
 35  Benefit                         20000 non-null  object 
 36  Burns Calories (per 30 min)     20000 non-null  float64
 37  Target Muscle Group             20000 non-null  object 
 38  Equipment Needed                20000 non-null  object 
 39  Difficulty Level                20000 non-null  object 
 40  Body Part                       20000 non-null  object 
 41  Type of Muscle                  20000 non-null  object 
 42  Workout                         20000 non-null  object 
 43  BMI_calc                        20000 non-null  float64
 44  cal_from_macros                 20000 non-null  float64
 45  pct_carbs                       20000 non-null  float64
 46  protein_per_kg                  20000 non-null  float64
 47  pct_HRR                         20000 non-null  float64
 48  pct_maxHR                       20000 non-null  float64
 49  cal_balance                     20000 non-null  float64
 50  lean_mass_kg                    20000 non-null  float64
 51  expected_burn                   20000 non-null  float64
 52  Burns Calories (per 30 min)_bc  20000 non-null  float64
 53  Burns_Calories_Bin              20000 non-null  object 
dtypes: float64(39), object(15)
memory usage: 8.2+ MB


Memory usage:
Benefit                     1583392
Target Muscle Group         1322858
Equipment Needed            1291740
Workout                     1284423
Name of Exercise            1215351
Difficulty Level            1166784
Type of Muscle              1145813
diet_type                   1113200
meal_type                   1104935
cooking_method              1094135
Workout_Type                1090130
Burns_Calories_Bin          1089991
Body Part                   1085260
Gender                      1080056
meal_name                   1080000
Experience_Level             160000
Avg_BPM                      160000
Session_Duration (hours)     160000
Resting_BPM                  160000
Max_BPM                      160000

================================================================================
2. Missing Values Summary
================================================================================

## 2. Missing Values Summary

No missing values found.

================================================================================
3. Duplicate Rows
================================================================================

## 3. Duplicate Rows

Duplicate rows (exact duplicates): 0

================================================================================
4. Numerical Columns Summary
================================================================================

## 4. Numerical Columns Summary

                                  count          mean           std           min            1%            5%           25%           50%           75%           95%           99%           max      skew   kurtosis  missing_pct
Age                             20000.0  3.885145e+01  1.211458e+01  1.800000e+01  1.800000e+01  1.937000e+01  2.817000e+01  3.986500e+01  4.963000e+01  5.703000e+01  5.898000e+01  5.967000e+01 -0.091603  -1.204356          0.0
Weight (kg)                     20000.0  7.389883e+01  2.117301e+01  3.918000e+01  4.115000e+01  4.555000e+01  5.816000e+01  7.000000e+01  8.610000e+01  1.182805e+02  1.276700e+02  1.307700e+02  0.769024  -0.031195          0.0
Height (m)                      20000.0  1.723094e+00  1.270328e-01  1.490000e+00  1.500000e+00  1.530000e+00  1.620000e+00  1.710000e+00  1.800000e+00  1.950500e+00  1.990000e+00  2.010000e+00  0.334556  -0.702015          0.0
Max_BPM                         20000.0  1.798897e+02  1.151081e+01  1.593100e+02  1.600200e+02  1.615800e+02  1.700575e+02  1.801400e+02  1.894250e+02  1.979000e+02  1.990800e+02  1.996400e+02 -0.034587  -1.179435          0.0
Avg_BPM                         20000.0  1.437043e+02  1.426769e+01  1.190700e+02  1.199500e+02  1.217400e+02  1.312200e+02  1.429900e+02  1.560600e+02  1.668900e+02  1.688201e+02  1.698400e+02  0.087885  -1.182667          0.0
Resting_BPM                     20000.0  6.219581e+01  7.289351e+00  4.949000e+01  4.986000e+01  5.014000e+01  5.596000e+01  6.220000e+01  6.809000e+01  7.322000e+01  7.411000e+01  7.450000e+01 -0.064834  -1.167829          0.0
Session_Duration (hours)        20000.0  1.259446e+00  3.413362e-01  4.900000e-01  5.300000e-01  6.600000e-01  1.050000e+00  1.270000e+00  1.460000e+00  1.870000e+00  1.980000e+00  2.020000e+00  0.020653  -0.329268          0.0
Calories_Burned                 20000.0  1.280110e+03  5.022290e+02  3.231100e+02  4.088300e+02  5.620200e+02  9.108000e+02  1.231450e+03  1.553112e+03  2.244691e+03  2.704801e+03  2.890820e+03  0.682426   0.276265          0.0
Fat_Percentage                  20000.0  2.610131e+01  4.996160e+00  1.133313e+01  1.573563e+01  1.822680e+01  2.238781e+01  2.582250e+01  2.967603e+01  3.500000e+01  3.500000e+01  3.500000e+01  0.083993  -0.712574          0.0
Water_Intake (liters)           20000.0  2.627486e+00  6.047240e-01  1.460000e+00  1.500000e+00  1.680000e+00  2.170000e+00  2.610000e+00  3.120000e+00  3.510000e+00  3.690000e+00  3.730000e+00  0.057248  -1.039068          0.0
Workout_Frequency (days/week)   20000.0  3.318629e+00  9.111979e-01  1.940000e+00  1.970000e+00  1.990000e+00  2.980000e+00  3.010000e+00  4.000000e+00  5.000000e+00  5.020000e+00  5.060000e+00  0.153587  -0.800936          0.0
Experience_Level                20000.0  1.809176e+00  7.362036e-01  1.000000e+00  1.000000e+00  1.000000e+00  1.010000e+00  1.990000e+00  2.020000e+00  3.010000e+00  3.020000e+00  3.050000e+00  0.327854  -1.112786          0.0
BMI                             20000.0  2.492168e+01  6.701126e+00  1.204000e+01  1.332990e+01  1.531000e+01  2.009750e+01  2.412000e+01  2.856000e+01  3.769000e+01  4.520010e+01  5.023000e+01  0.789484   0.808993          0.0
Daily meals frequency           20000.0  2.864804e+00  6.366486e-01  1.950000e+00  1.980000e+00  1.990000e+00  2.020000e+00  3.000000e+00  3.010000e+00  4.010000e+00  4.020000e+00  4.040000e+00  0.122040  -0.587365          0.0
Physical exercise               20000.0  4.525030e-01  9.866276e-01 -7.000000e-02 -4.000000e-02 -3.000000e-02 -1.000000e-02  1.000000e-02  4.000000e-02  3.000000e+00  4.010000e+00  4.050000e+00  2.422600   5.139527          0.0
Carbs                           20000.0  2.497786e+02  5.510862e+01  1.377200e+02  1.569899e+02  1.743585e+02  2.075475e+02  2.429000e+02  2.839750e+02  3.486970e+02  4.130003e+02  4.624900e+02  0.790432   0.645807          0.0
Proteins                        20000.0  9.991829e+01  2.204367e+01  5.517000e+01  6.282980e+01  6.966000e+01  8.304000e+01  9.714500e+01  1.136400e+02  1.394310e+02  1.654705e+02  1.853400e+02  0.790340   0.646705          0.0
Fats                            20000.0  6.661217e+01  1.469928e+01  3.659000e+01  4.189000e+01  4.647950e+01  5.534000e+01  6.477000e+01  7.575250e+01  9.290050e+01  1.101501e+02  1.234200e+02  0.789789   0.645591          0.0
Calories                        20000.0  2.024418e+03  5.418915e+02  7.810000e+02  1.124000e+03  1.277000e+03  1.634000e+03  1.919000e+03  2.360000e+03  3.128000e+03  3.388000e+03  3.641000e+03  0.653412  -0.139893          0.0
sugar_g                         20000.0  2.453104e+01  1.444610e+01 -6.700000e-01  3.800000e-01  2.280000e+00  1.199000e+01  2.406000e+01  3.749000e+01  4.699000e+01  4.935010e+01  5.051000e+01  0.027895  -1.231843          0.0
sodium_mg                       20000.0  1.258140e+03  7.166190e+02  1.922000e+01  7.510970e+01  1.376550e+02  6.451275e+02  1.267650e+03  1.850893e+03  2.389981e+03  2.479611e+03  2.527270e+03  0.007964  -1.183316          0.0
cholesterol_mg                  20000.0  1.484656e+02  8.738282e+01 -3.890000e+00  1.209900e+00  1.070900e+01  7.197000e+01  1.497950e+02  2.218400e+02  2.863700e+02  2.982302e+02  3.039900e+02 -0.020933  -1.158937          0.0
serving_size_g                  20000.0  3.027195e+02  1.157119e+02  9.595000e+01  1.039499e+02  1.216170e+02  2.072175e+02  3.000150e+02  4.018600e+02  4.835905e+02  4.972600e+02  5.075200e+02 -0.003414  -1.191050          0.0
prep_time_min                   20000.0  3.351745e+01  1.652687e+01  3.950000e+00  5.630000e+00  8.029500e+00  1.858750e+01  3.433000e+01  4.794000e+01  5.798000e+01  6.001010e+01  6.129000e+01 -0.072136  -1.288902          0.0
cook_time_min                   20000.0  6.150216e+01  3.357975e+01  3.350000e+00  6.489900e+00  1.075000e+01  3.247750e+01  6.092000e+01  8.937500e+01  1.146105e+02  1.193401e+02  1.214600e+02  0.059301  -1.200804          0.0
rating                          20000.0  2.989303e+00  1.157692e+00  9.300000e-01  1.020000e+00  1.200000e+00  1.940000e+00  3.000000e+00  4.000000e+00  4.790000e+00  4.980000e+00  5.060000e+00 -0.013274  -1.239974          0.0
Sets                            20000.0  4.425059e+00  5.795959e-01  2.960000e+00  2.990000e+00  3.970000e+00  4.000000e+00  4.020000e+00  5.000000e+00  5.010000e+00  5.020000e+00  5.050000e+00 -0.412291  -0.727961          0.0
Reps                            20000.0  1.942732e+01  3.679707e+00  4.850000e+00  9.950000e+00  1.491000e+01  1.612000e+01  1.990000e+01  2.288000e+01  2.497000e+01  2.508000e+01  3.012000e+01 -0.360800  -0.148220          0.0
Burns Calories (per 30 min)     20000.0  3.440465e+02  3.213878e+01  1.287500e+02  1.750884e+02  3.257595e+02  3.376000e+02  3.486050e+02  3.604725e+02  3.703500e+02  3.761602e+02  3.817100e+02 -3.900865  17.915841          0.0
BMI_calc                        20000.0  2.492165e+01  6.701144e+00  1.203791e+01  1.332541e+01  1.531185e+01  2.009497e+01  2.411910e+01  2.856262e+01  3.769432e+01  4.520282e+01  5.022954e+01  0.789470   0.808983          0.0
cal_from_macros                 20000.0  1.998297e+03  4.408484e+02  1.105570e+03  1.256748e+03  1.395837e+03  1.661023e+03  1.943130e+03  2.271950e+03  2.788731e+03  3.307953e+03  3.699540e+03  0.790512   0.646217          0.0
pct_carbs                       20000.0  4.999830e-01  1.455490e-03  4.924342e-01  4.964529e-01  4.976060e-01  4.990538e-01  4.999810e-01  5.009103e-01  5.023535e-01  5.035112e-01  5.078886e-01 -0.013006   0.646412          0.0
protein_per_kg                  20000.0  1.460142e+00  5.189455e-01  5.167064e-01  6.101183e-01  7.606210e-01  1.076294e+00  1.382260e+00  1.750495e+00  2.440129e+00  3.035410e+00  3.916881e+00  0.890125   1.011571          0.0
pct_HRR                         20000.0  6.990053e-01  1.448804e-01  3.713439e-01  4.354610e-01  4.842524e-01  5.836562e-01  6.862837e-01  7.981957e-01  9.639250e-01  1.040155e+00  1.073939e+00  0.308823  -0.561075          0.0
pct_maxHR                       20000.0  8.023050e-01  9.661268e-02  5.997889e-01  6.194922e-01  6.577611e-01  7.276759e-01  7.948340e-01  8.692108e-01  9.766442e-01  1.024714e+00  1.047032e+00  0.282658  -0.619411          0.0
cal_balance                     20000.0  7.443087e+02  7.209466e+02 -1.266220e+03 -8.254587e+02 -3.719105e+02  2.614325e+02  6.911900e+02  1.176290e+03  2.087809e+03  2.544418e+03  3.075580e+03  0.302899  -0.012443          0.0
lean_mass_kg                    20000.0  5.378638e+01  1.249874e+01  3.094626e+01  3.337842e+01  3.652788e+01  4.458704e+01  5.120491e+01  6.193902e+01  7.904220e+01  8.381473e+01  9.011737e+01  0.615116  -0.310092          0.0
expected_burn                   20000.0  8.663523e+02  2.503171e+02  2.198528e+02  3.538987e+02  4.347732e+02  7.140983e+02  8.687214e+02  1.012533e+03  1.309811e+03  1.397689e+03  1.477109e+03  0.054182  -0.398604          0.0
Burns Calories (per 30 min)_bc  20000.0  8.631802e+19  3.197579e+19  2.491905e+16  3.040467e+17  4.812672e+19  6.441978e+19  8.371578e+19  1.100442e+20  1.372388e+20  1.558507e+20  1.756614e+20 -0.228312   0.330126          0.0

Top skewed numeric features (abs skew):
Burns Calories (per 30 min)    3.900865
Physical exercise              2.422600
protein_per_kg                 0.890125
cal_from_macros                0.790512
Carbs                          0.790432
Proteins                       0.790340
Fats                           0.789789
BMI                            0.789484
BMI_calc                       0.789470
Weight (kg)                    0.769024

================================================================================
5. Categorical Columns Summary
================================================================================

## 5. Categorical Columns Summary

--- Column: Gender ---
Unique values (incl. NaN): 2
Top value counts:
Gender
Female    10028
Male       9972
All unique values:
['Male', 'Female']
----------------------------------------
--- Column: Workout_Type ---
Unique values (incl. NaN): 4
Top value counts:
Workout_Type
Strength    5071
Yoga        5032
HIIT        4974
Cardio      4923
All unique values:
['Strength', 'HIIT', 'Cardio', 'Yoga']
----------------------------------------
--- Column: meal_name ---
Unique values (incl. NaN): 1
Top value counts:
meal_name
Other    20000
All unique values:
['Other']
----------------------------------------
--- Column: meal_type ---
Unique values (incl. NaN): 4
Top value counts:
meal_type
Lunch        5047
Dinner       5011
Breakfast    4981
Snack        4961
All unique values:
['Lunch', 'Breakfast', 'Snack', 'Dinner']
----------------------------------------
--- Column: diet_type ---
Unique values (incl. NaN): 6
Top value counts:
diet_type
Paleo         3403
Low-Carb      3379
Vegetarian    3337
Keto          3324
Vegan         3323
Balanced      3234
All unique values:
['Vegan', 'Vegetarian', 'Paleo', 'Keto', 'Low-Carb', 'Balanced']
----------------------------------------
--- Column: cooking_method ---
Unique values (incl. NaN): 7
Top value counts:
cooking_method
Baked      2953
Steamed    2921
Raw        2899
Grilled    2827
Roasted    2824
Boiled     2789
Fried      2787
All unique values:
['Grilled', 'Fried', 'Boiled', 'Baked', 'Steamed', 'Raw', 'Roasted']
----------------------------------------
--- Column: Name of Exercise ---
Unique values (incl. NaN): 55
Top value counts:
Name of Exercise
Flutter Kicks             412
Deadlift                  406
Squats                    403
Dead Bugs                 392
Dips                      391
Incline Push-ups          386
Plank                     385
Bicycle Crunches          385
Bulgarian Split Squats    384
Dragon Flags              383
Sample unique values:
['Decline Push-ups', 'Bear Crawls', 'Dips', 'Mountain Climbers', 'Bicep Curls', 'Leg Press', 'Thrusters', 'Turkish Get-ups', 'Glute Bridges', 'Step-ups']
----------------------------------------
--- Column: Benefit ---
Unique values (incl. NaN): 49
Top value counts:
Benefit
Full body workout                              445
Targets biceps and forearms                    445
Advanced core exercise                         441
Targets obliques and improves core rotation    438
Targets lower chest                            438
Strengthens triceps and chest                  435
Isolates and strengthens triceps               433
Improves posture and strengthens upper back    431
Builds unilateral leg strength and balance     431
Builds explosive upper body power              431
Sample unique values:
['Improves shoulder health and posture', 'Strengthens lower abs', 'Builds chest strength', 'Improves coordination and cardiovascular health', 'Targets obliques and improves core rotation', 'Builds explosive power', 'Strengthens back and improves posture', 'Improves core stability and upper body strength', 'Full body workout', 'Strengthens lower body']
----------------------------------------
--- Column: Target Muscle Group ---
Unique values (incl. NaN): 36
Top value counts:
Target Muscle Group
Chest, Triceps                602
Biceps, Forearms              598
Upper Chest, Triceps          593
Upper Back, Rear Deltoids     593
Glutes, Hamstrings, Core      587
Core, Obliques                582
Shoulders                     581
Lower Abs, Hip Flexors        580
Quadriceps                    580
Full Body, Core, Shoulders    578
Sample unique values:
['Shoulders, Triceps', 'Back, Core, Shoulders', 'Quadriceps, Glutes', 'Biceps, Forearms', 'Chest, Triceps', 'Core, Obliques', 'Core', 'Back, Biceps', 'Upper Chest, Triceps', 'Core, Lower Back']
----------------------------------------
--- Column: Equipment Needed ---
Unique values (incl. NaN): 20
Top value counts:
Equipment Needed
Step or Box                1049
Parallel Bars or Chair     1044
Bench or Sturdy Surface    1033
None or Dumbbells          1027
Resistance Band            1024
Wall                       1020
None or Dumbbell           1017
Dumbbells                  1014
Dumbbells or Barbell       1010
Low Bar or TRX             1002
All unique values:
['Cable Machine', 'Step or Box', 'Parallel Bars or Chair', 'Wall', 'Resistance Band or Cable Machine', 'None or Dumbbells', 'Pull-up Bar', 'Barbell', 'Low Bar or TRX', 'Dumbbells', 'Bench or Sturdy Surface', 'Bench or Step', 'Cable Machine or Resistance Band', 'Bench or Chair', 'Bench, Barbell', 'Kettlebell', 'Resistance Band', 'Box or Platform', 'Dumbbells or Barbell', 'None or Dumbbell']
----------------------------------------
--- Column: Difficulty Level ---
Unique values (incl. NaN): 3
Top value counts:
Difficulty Level
Intermediate    6696
Advanced        6657
Beginner        6647
All unique values:
['Advanced', 'Intermediate', 'Beginner']
----------------------------------------
--- Column: Body Part ---
Unique values (incl. NaN): 7
Top value counts:
Body Part
Abs          2897
Legs         2886
Arms         2875
Back         2864
Forearms     2857
Chest        2844
Shoulders    2777
All unique values:
['Legs', 'Chest', 'Arms', 'Shoulders', 'Abs', 'Back', 'Forearms']
----------------------------------------
--- Column: Type of Muscle ---
Unique values (incl. NaN): 13
Top value counts:
Type of Muscle
Upper              1599
Quads              1596
Grip Strength      1574
Posterior          1571
Triceps            1550
Middle             1536
Wrist Extensors    1532
Lower              1532
Lateral            1511
Lats               1510
All unique values:
['Lats', 'Grip Strength', 'Upper', 'Wrist Flexors', 'Lower', 'Middle', 'Lower Chest', 'Triceps', 'Quads', 'Anterior', 'Posterior', 'Wrist Extensors', 'Lateral']
----------------------------------------
--- Column: Workout ---
Unique values (incl. NaN): 53
Top value counts:
Workout
Leg press                 423
Bird dog                  422
Preacher curls            413
Decline dumbbell flyes    413
Standing calf raises      404
Incline dumbbell press    398
Cable crossovers          396
Crunches                  395
Triceps dips              394
Face pulls                393
Sample unique values:
['Dumbbell flyes', 'Lateral raises', 'Standing calf raises', 'Incline dumbbell flyes', 'Military press', 'Skull crushers', 'Barbell rows', 'Hammer curl', 'Russian twists', 'Towel pull-up']
----------------------------------------
--- Column: Burns_Calories_Bin ---
Unique values (incl. NaN): 4
Top value counts:
Burns_Calories_Bin
Low          5003
High         5000
Very High    5000
Medium       4997
All unique values:
['Medium', 'High', 'Low', 'Very High']
----------------------------------------

================================================================================
6. Correlation Matrix (Pearson)
================================================================================

## 6. Correlation Matrix (Pearson)

                                     Age  Weight (kg)  Height (m)   Max_BPM   Avg_BPM  Resting_BPM  Session_Duration (hours)  Calories_Burned  Fat_Percentage  Water_Intake (liters)  Workout_Frequency (days/week)  Experience_Level       BMI  Daily meals frequency  Physical exercise     Carbs  Proteins      Fats  Calories   sugar_g  sodium_mg  cholesterol_mg  serving_size_g  prep_time_min  cook_time_min    rating      Sets      Reps  Burns Calories (per 30 min)  BMI_calc  cal_from_macros  pct_carbs  protein_per_kg   pct_HRR  pct_maxHR  cal_balance  lean_mass_kg  expected_burn  Burns Calories (per 30 min)_bc
Age                             1.000000    -0.044077   -0.037096 -0.028763  0.039280     0.013387                 -0.025410        -0.021396       -0.025056               0.037569                       0.007182         -0.022485 -0.016940               0.037914           0.021586  0.051966  0.052172  0.052071 -0.041096  0.011649   0.044882        0.012642        0.008652      -0.011140      -0.009893 -0.010725  0.020391 -0.028396                     0.005641 -0.016938         0.052045  -0.005022        0.067281  0.044258   0.048140    -0.015984     -0.050547      -0.025910                       -0.020948
Weight (kg)                    -0.044077     1.000000    0.353763  0.066898  0.016761    -0.033578                 -0.002275        -0.001994        0.778875               0.397971                      -0.003894          0.016531  0.855599               0.041891          -0.008223 -0.003567 -0.003493 -0.003620  0.978273 -0.007367  -0.013639        0.019324        0.037870      -0.021312      -0.038063 -0.015728  0.008588 -0.026516                     0.090584  0.855598        -0.003569  -0.001333       -0.726714 -0.016656  -0.023117     0.736698      0.981897       0.024249                        0.253594
Height (m)                     -0.037096     0.353763    1.000000 -0.014397 -0.012135     0.009897                  0.006783         0.009211       -0.156586               0.398041                       0.007241          0.015537 -0.167011              -0.013809           0.014574  0.008214  0.007845  0.007996  0.346939 -0.019130   0.009843        0.028149        0.037035       0.045705      -0.018457  0.016786 -0.017659  0.003823                     0.065279 -0.167014         0.008076   0.012513       -0.246187 -0.012385  -0.005411     0.254356      0.477397       0.029134                        0.103753
Max_BPM                        -0.028763     0.066898   -0.014397  1.000000 -0.028047     0.035522                  0.009767         0.003136        0.071926               0.041635                      -0.038299         -0.003643  0.073531              -0.024543          -0.013675 -0.010614 -0.010544 -0.010496  0.061159  0.045713   0.020643       -0.017007       -0.035836       0.004506      -0.016428 -0.056216 -0.030289 -0.041817                    -0.022808  0.073526        -0.010566  -0.004370       -0.055962 -0.511858  -0.559433     0.043785      0.060146       0.003512                       -0.029670
Avg_BPM                         0.039280     0.016761   -0.012135 -0.028047  1.000000     0.063042                  0.018553         0.007984        0.009022               0.006192                      -0.020855         -0.005548  0.028933               0.036603          -0.025515  0.033102  0.033395  0.033042  0.014483 -0.046056   0.017881       -0.013604        0.017602       0.004509      -0.023008 -0.018803 -0.046259 -0.031312                    -0.073350  0.028931         0.033147  -0.005017        0.018102  0.856732   0.841887     0.005324      0.012083      -0.005375                       -0.058295
Resting_BPM                     0.013387    -0.033578    0.009897  0.035522  0.063042     1.000000                 -0.017554        -0.001633       -0.042021               0.011676                      -0.005480         -0.000831 -0.040734               0.040364           0.015181  0.042304  0.042601  0.042740 -0.034669  0.034085   0.051654       -0.030547       -0.004578      -0.008292      -0.033161 -0.000528  0.002984  0.001295                     0.037717 -0.040731         0.042500  -0.016604        0.065700 -0.088468   0.034978    -0.024921     -0.030811      -0.004718                       -0.000931
Session_Duration (hours)       -0.025410    -0.002275    0.006783  0.009767  0.018553    -0.017554                  1.000000         0.814368       -0.034861               0.287751                       0.637626          0.758465 -0.004283               0.022529           0.048867  0.010626  0.010398  0.010476  0.051474 -0.010797  -0.014477        0.092605        0.045158      -0.003194      -0.055469  0.022199  0.011456  0.033300                    -0.012035 -0.004282         0.010536   0.007848       -0.042841  0.017835   0.010953    -0.528619      0.025165       0.944115                       -0.030851
Calories_Burned                -0.021396    -0.001994    0.009211  0.003136  0.007984    -0.001633                  0.814368         1.000000       -0.033812               0.262731                       0.582787          0.697116 -0.004494               0.028158           0.049113  0.011929  0.011602  0.011769  0.047981 -0.003044  -0.009472        0.072296        0.029458      -0.002823      -0.061617  0.025625  0.024164  0.043237                     0.006562 -0.004495         0.011817   0.009419       -0.035982  0.010506   0.006106    -0.660560      0.023134       0.773932                       -0.013504
Fat_Percentage                 -0.025056     0.778875   -0.156586  0.071926  0.009022    -0.042021                 -0.034861        -0.033812        1.000000               0.185207                      -0.039340         -0.033251  0.902341               0.052791          -0.009744 -0.012570 -0.012415 -0.012606  0.759601 -0.003715  -0.017084        0.004705        0.017901      -0.042992      -0.016259 -0.026013  0.006836 -0.033799                     0.054499  0.902341        -0.012551  -0.003533       -0.603368 -0.020686  -0.030786     0.594499      0.659078      -0.018944                        0.178974
Water_Intake (liters)           0.037569     0.397971    0.398041  0.041635  0.006192     0.011676                  0.287751         0.262731        0.185207               1.000000                       0.241269          0.312308  0.214091               0.034503           0.091540  0.045370  0.045209  0.045198  0.411713  0.051388   0.012098        0.023674        0.005520       0.032287      -0.008350  0.037446  0.005125 -0.032642                     0.026161  0.214090         0.045292   0.006100       -0.281664 -0.019804  -0.018205     0.126435      0.435249       0.281376                        0.072807
Workout_Frequency (days/week)   0.007182    -0.003894    0.007241 -0.038299 -0.020855    -0.005480                  0.637626         0.582787       -0.039340               0.241269                       1.000000          0.836127  0.000505               0.049519           0.066168  0.024553  0.024497  0.024766  0.082119  0.039820  -0.065795        0.010869        0.025638       0.008378      -0.082899  0.011274  0.059400  0.062804                     0.044182  0.000506         0.024608  -0.004391       -0.035525  0.002299   0.002352    -0.344260      0.024742       0.618920                        0.011216
Experience_Level               -0.022485     0.016531    0.015537 -0.003643 -0.005548    -0.000831                  0.758465         0.697116       -0.033251               0.312308                       0.836127          1.000000  0.016361               0.028855           0.067349  0.031737  0.031490  0.031798  0.087935  0.004637  -0.029573        0.015881        0.027491      -0.000811      -0.087199  0.050416  0.058262  0.054873                     0.051695  0.016362         0.031710   0.003436       -0.050977  0.004123  -0.000211    -0.419532      0.048707       0.735709                        0.019175
BMI                            -0.016940     0.855599   -0.167011  0.073531  0.028933    -0.040734                 -0.004283        -0.004494        0.902341               0.214091                       0.000505          0.016361  1.000000               0.058117          -0.010620 -0.003761 -0.003530 -0.003722  0.837555  0.000917  -0.020856        0.000035        0.025995      -0.039054      -0.028078 -0.030537  0.022483 -0.029886                     0.062795  1.000000        -0.003704  -0.006589       -0.634562 -0.004671  -0.015103     0.632670      0.769327       0.012711                        0.211487
Daily meals frequency           0.037914     0.041891   -0.013809 -0.024543  0.036603     0.040364                  0.022529         0.028158        0.052791               0.034503                       0.049519          0.028855  0.058117               1.000000          -0.000137  0.127073  0.126989  0.126942  0.046161  0.038438   0.010419        0.009165        0.031263       0.036234      -0.039980  0.012166  0.024520  0.030267                     0.046572  0.058117         0.127032   0.006843        0.042696  0.043344   0.045865     0.015081      0.034477       0.035597                        0.044156
Physical exercise               0.021586    -0.008223    0.014574 -0.013675 -0.025515     0.015181                  0.048867         0.049113       -0.009744               0.091540                       0.066168          0.067349 -0.010620              -0.000137           1.000000  0.644091  0.644027  0.643949  0.034065  0.069430   0.013760       -0.058773        0.022047      -0.017397      -0.026348  0.007028 -0.015066 -0.036713                     0.037672 -0.010619         0.644115   0.002320        0.388480 -0.022156  -0.014987    -0.008609     -0.001513       0.061516                        0.065746
Carbs                           0.051966    -0.003567    0.008214 -0.010614  0.033102     0.042304                  0.010626         0.011929       -0.012570               0.045370                       0.024553          0.031737 -0.003761               0.127073           0.644091  1.000000  0.999595  0.999605  0.020671  0.065461   0.014596       -0.046175        0.019326       0.008638       0.005709  0.026658  0.009743 -0.074895                    -0.002709 -0.003755         0.999924   0.011611        0.622890  0.023128   0.031464     0.007227     -0.001798       0.010244                        0.044494
Proteins                        0.052172    -0.003493    0.007845 -0.010544  0.033395     0.042601                  0.010398         0.011602       -0.012415               0.045209                       0.024497          0.031490 -0.003530               0.126989           0.644027  0.999595  1.000000  0.999608  0.020726  0.065597   0.014723       -0.046091        0.019493       0.008582       0.005567  0.026461  0.009422 -0.074659                    -0.002730 -0.003523         0.999803  -0.010864        0.623177  0.023296   0.031667     0.007496     -0.001785       0.009998                        0.044491
Fats                            0.052071    -0.003620    0.007996 -0.010496  0.033042     0.042740                  0.010476         0.011769       -0.012606               0.045198                       0.024766          0.031798 -0.003722               0.126942           0.643949  0.999605  0.999608  1.000000  0.020590  0.065713   0.014646       -0.046193        0.019374       0.008452       0.005589  0.026871  0.009398 -0.074861                    -0.002724 -0.003716         0.999848  -0.013638        0.623019  0.022945   0.031341     0.007277     -0.001870       0.010077                        0.044479
Calories                       -0.041096     0.978273    0.346939  0.061159  0.014483    -0.034669                  0.051474         0.047981        0.759601               0.411713                       0.082119          0.087935  0.837555               0.046161           0.034065  0.020671  0.020726  0.020590  1.000000  0.000019  -0.017674        0.020545        0.041314      -0.020448      -0.043777 -0.014732  0.013004 -0.021909                     0.093610  0.837554         0.020660   0.000037       -0.701397 -0.015755  -0.022025     0.718214      0.962934       0.076448                        0.250862
sugar_g                         0.011649    -0.007367   -0.019130  0.045713 -0.046056     0.034085                 -0.010797        -0.003044       -0.003715               0.051388                       0.039820          0.004637  0.000917               0.038438           0.069430  0.065461  0.065597  0.065713  0.000019  1.000000  -0.020454       -0.026744       -0.004609      -0.028722      -0.056086  0.020215 -0.020448 -0.038925                    -0.084161  0.000919         0.065572  -0.009679        0.052692 -0.069611  -0.066342     0.002135     -0.009695      -0.037596                       -0.070094
sodium_mg                       0.044882    -0.013639    0.009843  0.020643  0.017881     0.051654                 -0.014477        -0.009472       -0.017084               0.012098                      -0.065795         -0.029573 -0.020856               0.010419           0.013760  0.014596  0.014723  0.014646 -0.017674 -0.020454   1.000000        0.010748       -0.018032      -0.041743      -0.057500  0.017981 -0.065459 -0.039115                    -0.022799 -0.020860         0.014638  -0.002842        0.018502 -0.001775   0.002894    -0.006686     -0.011786      -0.024137                        0.000813
cholesterol_mg                  0.012642     0.019324    0.028149 -0.017007 -0.013604    -0.030547                  0.092605         0.072296        0.004705               0.023674                       0.010869          0.015881  0.000035               0.009165          -0.058773 -0.046175 -0.046091 -0.046193  0.020545 -0.026744   0.010748        1.000000        0.045987       0.023079      -0.016355  0.047920 -0.003806 -0.036815                    -0.036871  0.000039        -0.046169   0.002186       -0.043140  0.000473  -0.002717    -0.034921      0.023062       0.075124                       -0.041722
serving_size_g                  0.008652     0.037870    0.037035 -0.035836  0.017602    -0.004578                  0.045158         0.029458        0.017901               0.005520                       0.025638          0.027491  0.025995               0.031263           0.022047  0.019326  0.019493  0.019374  0.041314 -0.004609  -0.018032        0.045987        1.000000      -0.014066       0.010872  0.017771 -0.034347 -0.051760                    -0.017471  0.026001         0.019376  -0.002215       -0.020717  0.033493   0.033093     0.010532      0.041091       0.040220                        0.000441
prep_time_min                  -0.011140    -0.021312    0.045705  0.004506  0.004509    -0.008292                 -0.003194        -0.002823       -0.042992               0.032287                       0.008378         -0.000811 -0.039054               0.036234          -0.017397  0.008638  0.008582  0.008452 -0.020448 -0.028722  -0.041743        0.023079       -0.014066       1.000000      -0.000325  0.037381 -0.018573 -0.001886                    -0.057234 -0.039054         0.008572   0.004458        0.025711  0.002905  -0.000354    -0.013403     -0.015123      -0.021506                       -0.059320
cook_time_min                  -0.009893    -0.038063   -0.018457 -0.016428 -0.023008    -0.033161                 -0.055469        -0.061617       -0.016259              -0.008350                      -0.082899         -0.087199 -0.028078              -0.039980          -0.026348  0.005709  0.005567  0.005589 -0.043777 -0.056086  -0.057500       -0.016355        0.010872      -0.000325       1.000000  0.029731  0.016694 -0.035801                    -0.010564 -0.028071         0.005645   0.004070        0.047463 -0.008021  -0.009544     0.010019     -0.043574      -0.057772                       -0.007256
rating                         -0.010725    -0.015728    0.016786 -0.056216 -0.018803    -0.000528                  0.022199         0.025625       -0.026013               0.037446                       0.011274          0.050416 -0.030537               0.012166           0.007028  0.026658  0.026461  0.026871 -0.014732  0.020215   0.017981        0.047920        0.017771       0.037381       0.029731  1.000000  0.025302  0.022681                    -0.017416 -0.030531         0.026686   0.000855        0.026243  0.010681   0.016007    -0.028924     -0.009525       0.017130                       -0.017266
Sets                            0.020391     0.008588   -0.017659 -0.030289 -0.046259     0.002984                  0.011456         0.024164        0.006836               0.005125                       0.059400          0.058262  0.022483               0.024520          -0.015066  0.009743  0.009422  0.009398  0.013004 -0.020448  -0.065459       -0.003806       -0.034347      -0.018573       0.016694  0.025302  1.000000  0.210479                     0.465471  0.022481         0.009577   0.012227       -0.002462 -0.020299  -0.020185    -0.007059      0.009546       0.159466                        0.314912
Reps                           -0.028396    -0.026516    0.003823 -0.041817 -0.031312     0.001295                  0.033300         0.043237       -0.033799              -0.032642                       0.062804          0.054873 -0.029886               0.030267          -0.036713 -0.074895 -0.074659 -0.074861 -0.021909 -0.038925  -0.039115       -0.036815       -0.051760      -0.001886      -0.035801  0.022681  0.210479  1.000000                     0.343078 -0.029888        -0.074847  -0.003418       -0.030575 -0.003810  -0.004295    -0.046588     -0.023183       0.144142                        0.268278
